106
-1
-1
-1
-1
579
-1
-1
-1
-1
-1
-1
-1
53
-1
-1
-1
-1
-1
38
-1
33
559
-1
-1
-1
-1
-1
-1
-1
-1
-1
-1
-1
306
-1
-1
-1
-1
-1
-1
-1
-1
594
591
-1
586
-1
-1
-1
422
-1
-1
-1
-1
-1
200
-1
-1
-1
571
-1
-1
-1
-1
-1
-1
-1
-1
-1
-1
-1
-1
380
380
-1
-1
-1
-1
-1
-1
-1
-1
-1
-1
-1
-1
-1
-1
-1
-1
548
555
167
172
-1
-1
-1
-1
-1
-1
-1
-1
-1
-1
-1
-1
-1
-1
327
-1
-1
262
261
-1
-1
-1
-1
317
-1
-1
63
-1
-1
-1
-1
51
-1
568
576
576
580
-1
568
566
-1
-1
-1
-1
-1
590
-1
-1
-1
-1
166
-1
-1
-1
-1
-1
327
324
-1
-1
-1
-1
312
314
-1
-1
-1
-1
-1
-1
-1
-1
-1
73
-1
-1
-1
-1
-1
312
-1
417
-1
-1
-1
-1
-1
292
-1
-1
-1
-1
-1
-1
-1
-1
-1
-1
-1
224
225
-1
-1
-1
212
-1
-1
611
-1
-1
-1
-1
-1
-1
568
-1
-1
-1
-1
-1
51
274
-1
318
320
-1
-1
-1
-1
-1
-1
529
-1
-1
-1
571
-1
-1
-1
-1
-1
-1
-1
-1
290
288
-1
-1
-1
-1
-1
-1
-1
-1
-1
50
-1
-1
-1
305
303
-1
-1
-1
-1
-1
-1
434
-1
-1
59
-1
-1
-1
-1
-1
-1
-1
-1
-1
-1
-1
65
-1
-1
-1
-1
-1
-1
-1
-1
-1
-1
-1
-1
-1
-1
231
-1
-1
-1
95
92
-1
-1
-1
-1
-1
-1
-1
-1
237
236
53
-1
-1
61
-1
-1
-1
-1
-1
-1
-1
-1
-1
-1
-1
-1
-1
516
-1
177
571
-1
-1
-1
-1
498
-1
-1
-1
-1
-1
-1
-1
-1
-1
-1
-1
-1
-1
44
-1
-1
-1
-1
-1
29
-1
-1
-1
-1
-1
-1
-1
-1
201
-1
-1
-1
-1
-1
-1
-1
-1
-1
-1
-1
-1
-1
-1
-1
-1
554
-1
-1
-1
87
-1
-1
-1
-1
-1
-1
-1
241
-1
-1
-1
-1
-1
-1
421
-1
-1
-1
-1
-1
-1
-1
-1
-1
-1
125
-1
98
-1
-1
-1
-1
-1
-1
-1
312
310
-1
-1
-1
-1
16
-1
-1
-1
-1
-1
-1
-1
-1
-1
431
428
426
-1
-1
-1
-1
-1
-1
-1
576
-1
571
-1
-1
-1
-1
-1
-1
-1
-1
-1
-1
-1
-1
-1
-1
575
-1
-1
-1
-1
-1
-1
-1
-1
-1
-1
-1
-1
310
311
311
472
-1
-1
-1
-1
-1
-1
-1
-1
-1
-1
-1
-1
-1
566
-1
-1
-1
-1
-1
299
297
-1
292
289
-1
-1
-1
-1
-1
-1
-1
521
-1
-1
523
-1
-1
-1
-1
-1
-1
-1
-1
-1
-1
-1
-1
-1
-1
-1
-1
-1
-1
-1
-1
-1
-1
537
65
-1
-1
-1
-1
-1
-1
574
-1
-1
317
315
312
-1
-1
-1
252
-1
-1
-1
-1
517
-1
-1
-1
500
-1
-1
-1
-1
-1
425
-1
-1
-1
-1
-1
-1
578
575
573
-1
-1
-1
-1
-1
-1
-1
-1
-1
-1
528
-1
-1
-1
-1
-1
-1
-1
508
-1
-1
-1
-1
-1
-1
-1
-1
-1
388
-1
566
-1
-1
574
-1
-1
-1
-1
-1
-1
-1
-1
-1
-1
-1
-1
-1
-1
-1
-1
-1
-1
-1
-1
-1
-1
-1
-1
-1
-1
-1
-1
323
321
-1
-1
331
-1
308
-1
-1
-1
-1
-1
-1
-1
-1
-1
-1
-1
-1
-1
-1
-1
-1
33
-1
-1
-1
-1
-1
-1
-1
24
-1
-1
-1
14
-1
-1
-1
-1
515
-1
-1
-1
-1
-1
-1
-1
-1
-1
-1
-1
-1
-1
-1
-1
-1
-1
-1
-1
-1
-1
-1
-1
-1
-1
-1
528
-1
-1
-1
-1
-1
-1
534
-1
-1
526
-1
-1
-1
521
523
-1
-1
-1
-1
-1
-1
-1
-1
-1
577
572
436
-1
-1
-1
-1
-1
-1
-1
525
521
-1
-1
-1
-1
-1
240
241
241
-1
-1
589
-1
-1
-1
-1
515
-1
-1
-1
-1
-1
-1
-1
-1
-1
-1
-1
-1
-1
-1
-1
-1
61
-1
-1
-1
327
-1
-1
-1
-1
420
-1
-1
-1
-1
-1
-1
-1
-1
-1
-1
-1
-1
-1
-1
-1
-1
-1
-1
53
-1
-1
-1
-1
-1
-1
-1
-1
-1
-1
72
-1
-1
-1
-1
-1
-1
-1
-1
341
-1
-1
-1
330
-1
-1
317
-1
-1
-1
326
-1
-1
-1
315
-1
-1
-1
-1
-1
-1
-1
-1
-1
-1
123
121
-1
7
-1
-1
-1
