0 80
1 80
2 80
3 80
4 80
5 80
6 80
7 80
8 80
9 80
10 80
11 80
12 80
13 80
14 80
15 80
16 80
17 80
18 80
19 80
20 80
21 80
22 80
23 80
24 80
25 80
26 80
27 80
28 80
29 80
30 80
31 80
32 80
33 80
34 80
35 80
36 80
37 80
38 80
39 81
40 81
41 81
42 82
43 82
44 82
45 82
46 82
47 82
48 82
49 82
50 82
51 85
52 88
53 91
54 93
55 96
56 99
57 102
58 105
59 105
60 105
61 105
62 105
63 106
64 108
65 108
66 108
67 108
68 108
69 108
70 108
71 108
72 108
73 108
74 108
75 108
76 108
77 108
78 108
79 108
80 108
81 108
82 108
83 108
84 108
85 108
86 111
87 113
88 116
89 119
90 122
91 122
92 124
93 125
94 126
95 129
96 132
97 134
98 134
99 134
100 134
101 134
102 136
103 136
104 137
105 139
106 142
107 144
108 147
109 150
110 153
111 156
112 158
113 158
114 160
115 160
116 160
117 160
118 160
119 160
120 160
121 161
122 161
123 163
124 165
125 166
126 166
127 167
128 167
129 168
130 171
131 173
132 175
133 178
134 181
135 181
136 181
137 182
138 182
139 182
140 182
141 182
142 185
143 188
144 191
145 194
146 194
147 194
148 194
149 194
150 194
151 195
152 195
153 195
154 195
155 195
156 195
157 195
158 195
159 195
160 195
161 195
162 195
163 195
164 195
165 195
166 198
167 199
168 199
169 201
170 203
171 206
172 207
173 210
174 210
175 211
176 212
177 213
178 213
179 213
180 213
181 216
182 218
183 218
184 218
185 218
186 221
187 223
188 225
189 227
190 228
191 228
192 228
193 230
194 233
195 236
196 239
197 241
198 241
199 241
200 241
201 241
202 241
203 241
204 241
205 241
206 241
207 241
208 241
209 243
210 243
211 245
212 247
213 247
214 247
215 247
216 247
217 247
218 247
219 247
220 250
221 253
222 256
223 257
224 260
225 262
226 262
227 265
228 266
229 266
230 268
231 268
232 268
