5
107
128
171
177
189
202
210
227
251
279
295
299
313
325
335
336
342
358
376
383
391
402
413
433
435
449
472
534
599
612
613
633
639
679
709
721
731
732
737
761
770
776
783
784
838
864
877
912
946
951
955
960
975
979
1023
1026
1078
1079
1084
1133
1138
1149
1159
1176
1231
1233
1236
1254
1274
1276
1289
1330
1337
1348
1351
1377
1386
1396
1397
1398
1495
1507
1559
1567
1579
1638
1643
1668
1702
1742
1809
1821
1837
1849
1853
1869
1910
1912
1967
1983
2101
2108
2116
2136
2153
2161
2178
2189
2203
2213
2271
2326
2365
2404
2421
2434
2440
2455
2476
2483
2532
2562
2570
2576
2585
2605
2617
2635
2642
2685
2691
2697
2709
2712
2732
2751
2767
2796
2810
2825
2829
2833
2842
2867
2910
2915
2938
2945
2950
2954
3038
3052
3116
3145
3147
3206
3209
3255
3299
3305
3324
3329
3361
3428
3433
3469
3511
3528
3555
3557
3562
3591
3644
3653
3663
3684
3738
3765
3771
3786
3800
3816
3832
3834
3836
3849
3890
3935
3958
3964
4015
4026
4048
4052
4098
4186
4188
4210
4221
4238
4269
4273
4287
4288
4301
4349
4394
4412
4427
4453
4461
4523
4531
4537
4610
4616
4668
4697
4698
4730
4771
4802
4833
4840
4848
4873
4882
4895
4903
4954
4980
5012
5019
5047
5065
5070
5075
5101
5105
5113
5116
5151
5198
5207
5219
5256
5271
5288
5318
5321
5335
5362
5363
5383
5386
5403
5418
5434
5518
5523
5568
5577
5578
5586
5603
5607
5627
5656
5734
5768
5789
5823
5827
5915
5960
5964
5967
5978
6001
6057
6064
6104
6109
6129
6130
6178
6203
6217
6247
6280
6315
6326
6342
6389
6406
6416
6423
6430
6438
6468
6511
6548
6552
6591
6657
6679
6705
6751
6755
6790
6799
6818
6834
6868
6906
7012
7014
7020
7058
7066
7089
7103
7120
7133
7179
7217
7227
7247
7252
7353
7374
7400
7454
7468
7497
7587
7598
7628
7631
7642
7652
7683
7707
7770
7811
7819
7820
7863
7868
7935
7939
7958
7961
7963
8074
8135
8138
8220
8267
8296
8326
8348
8349
8365
8376
8380
8401
8416
8422
8487
8490
8515
8572
8591
8607
8608
8659
8666
8693
8801
8841
8865
8893
8923
8945
8989
9001
9050
9055
9093
9112
9121
9141
9168
9169
9171
9222
9231
9249
9251
9265
9269
9280
9289
9300
9357
9362
9363
9367
9369
9453
9454
9482
9487
9506
9535
9553
9555
9560
9647
9652
9661
9665
9674
9689
9699
9717
9721
9726
9811
9847
9852
9931
9982
10021
10069
10072
10073
10080
10098
10137
10155
10159
10185
10190
10216
10258
10270
10285
10291
10363
10366
10379
10382
10390
10408
10413
10478
10498
10529
10532
10681
10684
10718
10719
10740
10836
10913
10959
10968
10992
11030
11037
11065
11080
11133
11176
11194
11213
11215
11230
11240
11274
11344
11360
11384
11412
11460
11548
11562
11582
11598
11624
11650
11651
11658
11659
11735
11764
11768
11812
11872
11875
11887
11903
11948
11957
11974
11994
12006
12044
12154
12174
12228
12270
12282
12284
12309
12312
12320
12353
12372
12414
12415
12426
12455
12526
12527
12569
12597
12604
12605
12615
12620
12626
12627
12652
12657
12658
12674
12692
12741
12748
12756
12762
12774
12803
12804
12816
12818
12822
12823
12837
12839
12856
12858
12875
12876
12893
12901
12910
12922
12924
12929
12948
12951
12952
12962
13048
13064
13110
13135
13173
13177
13218
13247
13260
13266
13280
13290
13301
13303
13311
13322
13333
13351
13404
13423
13458
13501
13510
13543
13546
13575
13576
13595
13607
13629
13634
13643
13657
13667
13706
13710
13717
13762
13763
13800
13801
13802
13813
13823
13909
13916
13921
13926
13930
13969
13972
14023
14024
14074
14089
14110
14142
14144
14148
14174
14215
14254
14272
14281
14292
14299
14301
14308
14342
14366
14407
14411
14416
14463
14468
14474
14490
14505
14564
14577
14580
14595
14623
14625
14650
14672
14673
14689
14711
14723
14726
14759
14764
14778
14787
14824
14850
14876
14912
14928
14973
14974
14978
15053
15085
15125
15176
15178
15188
15190
15193
15194
15206
15219
15249
15256
15296
15324
15350
15351
15399
15403
15477
15479
15495
15508
15513
15519
15576
15577
15587
15595
15607
15622
15646
15659
15674
15683
15685
15692
15699
15711
15723
15729
15732
15876
15877
15893
15918
15928
15950
16027
16048
16053
16102
16109
16130
16135
16162
16164
16257
16277
16281
16344
16399
16436
16459
16464
16466
16481
16493
16494
16498
16507
16509
16544
16571
16572
16576
16653
16655
16709
16721
16745
16746
16767
16783
16787
16818
16823
16891
16928
16950
16975
16976
17051
17053
17055
17056
17061
17075
17101
17142
17147
17156
17174
17188
17221
17264
17269
17279
17282
17289
17306
17357
17372
17383
17429
17439
17450
17465
17480
17482
17509
17533
17582
17588
17594
17602
17610
17612
17662
17682
17702
17721
17753
17756
17776
17787
17800
17813
17829
17835
17855
17934
17952
17995
18014
18039
18042
18063
18103
18104
18108
18113
18134
18149
18234
18249
18322
18325
18378
18397
18409
18412
18416
18426
18452
18477
18489
18499
18537
18550
18564
18640
18645
18656
18665
18672
18692
18725
18744
18763
18767
18781
18817
18831
18876
18909
18911
18935
18957
18970
18987
18990
19009
19052
19064
19070
19097
19100
19104
19110
19154
19171
19200
19203
19217
19261
19298
19325
19333
19347
19351
19367
19504
19516
19520
19529
19531
19546
19554
19560
19569
19608
19610
19625
19644
19666
19687
19734
19748
19787
19789
19810
19828
19876
19907
19925
19930
19935
19943
19956
19958
19969
19994
20023
20040
20047
20062
20074
20076
20112
20119
20141
20154
20167
20169
20180
20186
20210
20232
20243
20246
20262
20301
20326
20347
20378
20402
20431
20495
20504
20516
20543
20616
20661
20684
20733
20744
20753
20759
20781
20788
20806
20836
20846
20881
20893
20912
20937
20946
20948
20965
20980
21099
21109
21120
21183
21184
21186
21222
21241
21287
21312
21314
21320
21379
21380
21387
21388
21391
21413
21415
21420
21423
21510
21548
21563
21607
21614
21662
21685
21727
21728
21734
21743
21753
21778
21781
21786
21801
21832
21942
21944
22033
22047
22060
22115
22123
22124
22149
22161
22163
22175
22228
22298
22318
22360
22362
22386
22392
22393
22428
22440
22449
22507
22543
22569
22573
22584
22604
22642
22648
22654
22657
22675
22687
22688
22759
22794
22839
22855
22869
22883
22899
22905
22915
22948
22965
22991
22993
23020
23031
23038
23058
23069
23078
23095
23126
23127
23168
23194
23237
23294
23310
23311
23322
23334
23402
23436
23447
23450
23475
23478
23492
23520
23528
23534
23543
23549
23559
23577
23579
23584
23615
23628
23635
23652
23666
23671
23675
23757
23784
23786
23796
23849
23867
23921
23928
23929
23950
23981
24008
24026
24040
24078
24105
24165
24174
24197
24204
24223
24241
24245
24247
24267
24281
24288
24306
24322
24323
24351
24415
24466
24481
24500
24502
24503
24510
24552
24633
24679
24709
24798
24813
24850
24861
24882
24940
24971
25025
25047
25057
25118
25128
25146
25156
25171
25226
25266
25300
25344
25376
25392
25452
25489
25531
25543
25545
25563
25568
25582
25604
25608
25637
25646
25648
25677
25703
25711
25715
25749
25772
25852
25858
25862
25957
26017
26019
26021
26032
26071
26096
26114
26115
26136
26184
26190
26195
26203
26235
26237
26268
26296
26326
26332
26442
26460
26488
26497
26518
26534
26551
26555
26566
26593
26604
26629
26631
26638
26640
26644
26662
26684
26691
26733
26739
26834
26888
26903
26927
26943
26979
26995
26998
27030
27057
27063
27068
27165
27167
27211
27227
27241
27276
27279
27293
27324
27334
27352
27353
27371
27382
27408
27448
27459
27468
27471
27507
27531
27561
27609
27646
27663
27674
27706
27741
27784
27789
27836
27844
27865
27879
27900
27925
27933
27937
27972
27987
27992
28041
28061
28075
28076
28093
28097
28108
28113
28114
28128
28136
28147
28167
28169
28219
28240
28283
28303
28397
28443
28447
28463
28485
28509
28562
28581
28586
28730
28733
28743
28771
28784
28810
28880
28939
28960
28981
29009
29043
29070
29100
29141
29174
29179
29185
29200
29247
29255
29269
29349
29382
29383
29396
29419
29457
29466
29470
29474
29487
29519
29531
29555
29585
29587
29592
29603
29618
29632
29638
29643
29679
29713
29722
29731
29739
29760
29787
29798
29863
29874
29891
29974
30012
30065
30119
30129
30134
30145
30149
30153
30172
30174
30196
30210
30216
30243
30282
30312
30316
30330
30336
30341
30371
30409
30440
30458
30492
30508
30520
30575
30578
30587
30588
30627
30641
30658
30663
30692
30703
30718
30749
30767
30797
30821
30824
30879
30885
30915
30925
30987
30990
31030
31037
31061
31080
31082
31092
31104
31110
31115
31162
31173
31201
31215
31217
31223
31233
31270
31279
31296
31316
31318
31334
31375
31386
31406
31411
31413
31431
31438
31461
31485
31503
31575
31577
31607
31622
31634
31684
31693
31725
31728
31753
31755
31768
31795
31814
31851
31898
31929
31957
31986
32005
32007
32017
32037
32073
32078
32114
32142
32150
32170
32171
32184
32210
32224
32271
32298
32335
32444
32448
32536
32545
32547
32574
32592
32595
32602
32607
32610
32613
32615
32656
32657
32672
32693
32716
32742
32744
32767
32783
32794
32827
32833
32847
32875
32876
32886
32899
32906
32907
32917
32932
32948
32968
33018
33024
33038
33050
33053
33067
33084
33095
33121
33151
33186
33210
33213
33236
33246
33255
33294
33350
33377
33378
33392
33405
33441
33444
33448
33471
33490
33510
33516
33537
33542
33559
33560
33564
33587
33591
33599
33602
33657
33677
33690
33698
33755
33763
33780
33808
33900
33921
33927
33957
33974
33988
33998
34053
34081
34086
34095
34098
34110
34118
34121
34141
34167
34170
34178
34186
34220
34224
34234
34270
34297
34306
34321
34326
34327
34331
34341
34370
34413
34439
34447
34456
34490
34509
34513
34518
34525
34538
34556
34566
34594
34604
34605
34625
34691
34723
34743
34795
34807
34828
34830
34833
34837
34843
34851
34858
34867
34880
34887
34918
34973
35000
35030
35035
35056
35095
35117
35136
35147
35160
35184
35203
35225
35299
35320
35322
35324
35357
35408
35455
35461
35470
35483
35492
35493
35503
35511
35532
35562
35619
35627
35640
35663
35709
35726
35752
35796
35803
35820
35826
35836
35848
35868
35906
35923
35939
35940
35966
35985
36006
36012
36021
36049
36052
36073
36090
36152
36158
36168
36186
36199
36201
36266
36293
36393
36415
36440
36503
36529
36541
36552
36585
36619
36645
36678
36688
36689
36713
36745
36768
36786
36792
36865
36917
36923
36935
36944
36967
36975
36995
37006
37011
37044
37064
37090
37096
37112
37134
37160
37256
37260
37262
37263
37272
37359
37379
37381
37470
37479
37500
37517
37523
37528
37540
37544
37573
37575
37580
37595
37598
37599
37620
37640
37673
37681
37705
37727
37745
37747
37799
37819
37823
37843
37865
37877
38034
38064
38126
38141
38156
38194
38198
38219
38228
38254
38267
38270
38274
38288
38299
38311
38330
38394
38399
38419
38426
38450
38474
38476
38539
38557
38566
38580
38595
38610
38632
38638
38641
38687
38699
38728
38796
38862
38930
38936
38945
38953
39018
39024
39035
39072
39077
39081
39084
39100
39117
39125
39128
39140
39152
39156
39197
39203
39235
39249
39279
39297
39306
39322
39325
39331
39360
39401
39411
39461
39463
39501
39517
39568
39634
39638
39646
39651
39659
39666
39679
39685
39705
39718
39748
39803
39806
39815
39832
39838
39856
39868
39873
39878
39884
39893
39905
39919
39920
39934
39937
40004
40054
40057
40064
40101
40140
40151
40159
40165
40178
40179
40224
40273
40277
40326
40340
40351
40355
40357
40369
40399
40420
40430
40434
40452
40465
40493
40513
40520
40530
40546
40577
40607
40616
40633
40639
40662
40696
40708
40710
40735
40777
40803
40828
40862
40868
40871
40878
40950
40971
40981
41003
41018
41053
41059
41082
41106
41112
41122
41134
41140
41178
41195
41220
41255
41294
41295
41299
41301
41305
41323
41400
41411
41426
41446
41480
41492
41507
41537
41563
41632
41658
41669
41671
41697
41703
41734
41750
41783
41798
41800
41840
41849
41882
41910
41917
41936
41944
41962
41978
41982
42018
42034
42047
42105
42117
42322
42369
42419
42440
42447
42461
42484
42524
42526
42557
42610
42617
42704
42728
42749
42758
42769
42774
42794
42799
42859
42869
42916
42917
42955
43015
43017
43040
43077
43139
43170
43179
43185
43202
43220
43226
43259
43295
43300
43319
43326
43334
43406
43411
43424
43431
43436
43438
43453
43497
43560
43570
43579
43612
43674
43675
43708
43718
43719
43721
43728
43730
43742
43760
43761
43772
43790
43814
43858
43860
43869
43870
43873
43885
43923
43960
43998
44003
44019
44027
44040
44053
44068
44069
44073
44075
44087
44125
44133
44143
44146
44173
44202
44205
44217
44263
44269
44271
44277
44298
44304
44317
44362
44444
44447
44449
44455
44486
44491
44504
44515
44543
44545
44567
44584
44586
44599
44619
44674
44676
44689
44732
44737
44738
44789
44814
44862
44889
44891
44899
44951
44957
44987
44989
44997
45055
45074
45087
45092
45149
45243
45254
45262
45272
45320
45362
45370
45372
45373
45378
45411
45416
45420
45441
45445
45491
45518
45530
45531
45533
45541
45551
45571
45578
45640
45661
45686
45687
45700
45723
45773
45782
45792
45847
45862
45869
45942
45954
45959
45980
46008
46010
46027
46079
46084
46102
46111
46116
46132
46142
46159
46162
46202
46204
46213
46265
46278
46282
46298
46315
46328
46360
46386
46407
46443
46454
46468
46501
46522
46555
46604
46607
46618
46624
46631
46654
46667
46680
46695
46699
46733
46734
46738
46743
46746
46754
46780
46788
46800
46818
46819
46846
46863
46897
46923
46924
46946
47015
47041
47049
47136
47152
47222
47248
47260
47266
47279
47315
47323
47326
47333
47348
47413
47471
47482
47483
47498
47507
47511
47579
47684
47709
47722
47729
47734
47754
47766
47823
47839
47849
47851
47857
47863
47866
47897
47905
47912
47929
47932
47940
47943
47945
47965
47972
47984
48016
48028
48031
48040
48066
48079
48153
48158
48162
48173
48178
48201
48233
48300
48303
48310
48392
48401
48425
48429
48445
48448
48466
48486
48487
48491
48513
48537
48540
48596
48597
48682
48690
48706
48707
48735
48757
48759
48781
48819
48835
48849
48897
48911
48944
48955
48986
48999
49000
49008
49019
49036
49045
49118
49126
49133
49158
49170
49186
49243
49259
49262
49285
49303
49340
49376
49378
49401
49405
49442
49470
49474
49495
49499
49515
49525
49559
49594
49600
49619
49631
49657
49666
49674
49678
49698
49714
49751
49804
49819
49838
49845
49850
49906
49926
49932
49953
49971
49976
49980
49993
49997
50017
50057
50129
50153
50159
50222
50252
50278
50296
50306
50311
50346
50357
50424
50427
50435
50437
50439
50440
50499
50537
50587
50598
50643
50657
50658
50672
50681
50731
50772
50784
50805
50818
50820
50841
50874
50884
50915
50928
50950
50952
50956
50958
50967
50997
51032
51064
51071
51087
51107
51136
51150
51154
51157
51162
51216
51223
51225
51259
51317
51344
51349
51352
51364
51395
51419
51439
51530
51555
51562
51564
51619
51621
51669
51679
51725
51744
51763
51784
51795
51808
51824
51836
51864
51885
51899
51904
51915
51918
51944
51945
51986
52004
52057
52128
52179
52184
52185
52205
52230
52265
52284
52307
52311
52335
52354
52357
52358
52369
52373
52406
52420
52429
52439
52454
52503
52527
52530
52614
52628
52668
52684
52829
52856
52918
52938
52971
52979
53006
53018
53045
53122
53145
53184
53186
53192
53249
53284
53292
53340
53357
53390
53410
53425
53452
53502
53511
53549
53573
53584
53678
53724
53735
53750
53755
53839
53874
53877
53886
53898
53902
53912
53918
53928
53937
53943
53944
53966
53997
54001
54009
54023
54024
54052
54061
54069
54085
54099
54159
54171
54196
54200
54217
54240
54268
54269
54288
54296
54316
54319
54334
54436
54459
54482
54501
54510
54514
54557
54582
54628
54640
54659
54667
54686
54763
54764
54773
54774
54784
54800
54802
54828
54834
54836
54866
54870
54892
54903
54933
54954
54964
54978
54999
55004
55021
55028
55044
55131
55231
55246
55287
55300
55310
55323
55336
55344
55377
55382
55408
55461
55463
55488
55494
55534
55540
55549
55569
55578
55614
55633
55641
55697
55719
55727
55734
55739
55779
55816
55832
55834
55839
55857
55871
55885
55887
55907
55909
55925
55954
56039
56043
56061
56104
56108
56151
56180
56186
56231
56246
56290
56298
56299
56303
56330
56348
56358
56368
56369
56399
56424
56459
56460
56483
56486
56508
56525
56573
56631
56640
56658
56659
56697
56701
56706
56722
56780
56781
56784
56809
56833
56850
56935
56968
56997
57018
57043
57058
57064
57074
57087
57148
57149
57179
57283
57342
57365
57369
57413
57467
57468
57472
57506
57564
57573
57600
57615
57629
57637
57645
57648
57676
57697
57701
57733
57750
57776
57784
57788
57809
57823
57862
57863
57867
57880
57884
57886
57895
57916
57921
57932
57934
57937
57985
58007
58025
58057
58060
58086
58104
58145
58164
58212
58214
58233
58247
58284
58326
58362
58364
58432
58434
58458
58472
58490
58564
58565
58583
58604
58609
58652
58676
58679
58696
58729
58735
58750
58758
58772
58773
58796
58805
58849
58880
58930
58939
59012
59034
59044
59055
59062
59079
59105
59134
59151
59155
59209
59224
59226
59237
59238
59304
59360
59387
59396
59467
59474
59477
59490
59496
59527
59534
59577
59584
59592
59619
59643
59685
59692
59695
59766
59849
59855
59882
59930
59951
59960
59970
60003
60049
60066
60069
60104
60111
60121
60128
60132
60137
60147
60159
60182
60206
60263
60274
60306
60344
60376
60377
60378
60480
60485
60529
60551
60562
60570
60571
60601
60613
60615
60623
60632
60636
60669
60718
60720
60733
60780
60781
60816
60827
60853
60866
60904
60918
60924
60927
60958
60966
60967
60980
60985
60989
60991
61029
61042
61052
61089
61131
61132
61181
61183
61189
61232
61257
61275
61295
61312
61319
61320
61359
61362
61366
61369
61386
61437
61446
61449
61470
61472
61483
61516
61521
61535
61556
61574
61599
61600
61624
61657
61664
61673
61692
61769
61774
61776
61796
61810
61828
61829
61854
61887
61911
61919
61929
61932
61939
61956
62028
62056
62058
62063
62067
62128
62141
62146
62182
62208
62221
62241
62259
62277
62330
62352
62369
62411
62435
62473
62477
62501
62506
62530
62569
62611
62641
62696
62720
62729
62739
62750
62769
62773
62776
62792
62793
62798
62799
62820
62823
62841
62909
62913
62958
62991
63035
63036
63092
63184
63242
63251
63285
63300
63319
63331
63343
63344
63370
63429
63464
63473
63475
63490
63496
63514
63525
63528
63540
63562
63593
63600
63677
63685
63699
63762
63800
63842
63881
63890
63931
63967
63979
63990
64014
64083
64104
64134
64248
64250
64261
64286
64298
64313
64360
64408
64428
64438
64441
64448
64455
64492
64494
64510
64515
64555
64571
64574
64616
64630
64673
64715
64717
64736
64747
64768
64779
64854
64857
64864
64870
64889
64890
64895
64989
64997
65033
65042
65113
65175
65255
65261
65270
65286
65335
65346
65357
65381
65386
65393
65397
65413
65432
65459
65471
65485
65515
65573
65594
65630
65633
65718
65748
65774
65794
65801
65827
65837
65842
65854
65886
65943
65947
65949
65963
65976
65981
65993
66020
66021
66028
66037
66144
66178
66191
66200
66209
66215
66226
66274
66276
66300
66302
66304
66321
66328
66366
66374
66376
66377
66381
66392
66413
66429
66459
66488
66508
66527
66576
66625
66704
66723
66736
66742
66775
66780
66787
66865
66903
66911
66924
66930
66942
66957
66958
66987
67010
67041
67065
67071
67119
67152
67156
67202
67247
67263
67274
67285
67291
67330
67332
67343
67387
67396
67402
67464
67476
67506
67516
67586
67641
67651
67654
67680
67696
67711
67717
67739
67745
67756
67758
67761
67772
67779
67782
67798
67817
67826
67839
67853
67895
67904
67926
67931
67943
67948
67980
68021
68104
68210
68238
68244
68261
68292
68296
68309
68315
68322
68328
68368
68378
68419
68435
68438
68492
68507
68516
68525
68545
68549
68566
68567
68581
68616
68683
68686
68690
68745
68747
68794
68828
68884
68920
68938
68958
68959
68968
69080
69102
69174
69204
69222
69244
69276
69285
69323
69340
69375
69379
69398
69474
69493
69500
69507
69515
69532
69539
69546
69552
69589
69629
69650
69659
69682
69712
69713
69716
69742
69796
69804
69820
69902
69946
69947
69958
69982
70002
70022
70033
70050
70059
70069
70070
70092
70110
70115
70142
70190
70210
70252
70292
70321
70328
70346
70347
70351
70387
70408
70414
70429
70473
70480
70486
70490
70499
70514
70520
70575
70621
70638
70651
70679
70693
70700
70722
70736
70752
70757
70761
70814
70822
70825
70832
70892
70896
70920
70936
70939
70978
70990
71084
71092
71100
71123
71135
71182
71185
71192
71228
71248
71253
71262
71273
71343
71366
71371
71391
71404
71406
71421
71432
71440
71441
71452
71470
71474
71479
71496
71525
71538
71544
71545
71548
71559
71560
71572
71611
71616
71647
71650
71680
71684
71710
71760
71770
71771
71772
71795
71825
71833
71955
71967
71975
71987
72000
72020
72041
72047
72078
72095
72117
72128
72160
72219
72223
72288
72315
72319
72328
72333
72366
72372
72402
72426
72433
72457
72499
72504
72519
72520
72590
72609
72615
72667
72699
72710
72724
72727
72771
72847
72861
72893
72894
72899
72924
72937
72998
73044
73050
73052
73059
73260
73284
73295
73299
73311
73340
73355
73358
73378
73398
73404
73414
73424
73437
73462
73489
73499
73508
73520
73533
73535
73551
73602
73616
73630
73697
73724
73725
73738
73759
73779
73784
73796
73852
73862
73868
73897
73907
73938
73957
73964
73968
73995
74005
74007
74041
74052
74055
74102
74103
74112
74127
74213
74264
74265
74304
74309
74326
74345
74367
74373
74437
74480
74482
74567
74593
74594
74629
74632
74652
74711
74714
74731
74733
74734
74739
74742
74768
74797
74807
74818
74860
74875
74879
74942
74946
74968
74971
74982
75029
75039
75045
75054
75058
75071
75076
75210
75223
75233
75238
75252
75255
75258
75270
75283
75325
75328
75356
75413
75432
75442
75461
75465
75478
75496
75503
75542
75560
75576
75627
75680
75706
75709
75717
75722
75736
75746
75766
75805
75834
75839
75909
75920
75926
75933
75951
75958
75980
76014
76038
76047
76057
76069
76073
76102
76123
76151
76165
76172
76199
76232
76248
76259
76262
76271
76278
76279
76284
76320
76336
76404
76422
76436
76457
76458
76497
76545
76550
76560
76565
76578
76596
76600
76630
76637
76638
76678
76754
76757
76758
76769
76790
76838
76906
76950
76957
77017
77024
77050
77073
77081
77124
77142
77192
77207
77217
77264
77274
77281
77287
77289
77299
77319
77362
77380
77389
77396
77424
77474
77478
77533
77563
77576
77596
77599
77648
77704
77797
77810
77822
77888
77916
77969
77971
78001
78026
78032
78038
78042
78050
78068
78070
78105
78120
78123
78126
78130
78157
78166
78192
78208
78213
78219
78348
78372
78373
78389
78442
78466
78476
78483
78486
78513
78517
78561
78568
78625
78637
78643
78660
78736
78738
78840
78877
78879
78881
78898
78910
78913
78918
78932
79021
79097
79140
79207
79210
79238
79245
79284
79292
79369
79384
79394
79400
79415
79423
79464
79473
79484
79496
79507
79521
79530
79574
79582
79589
79594
79601
79638
79662
79690
79698
79727
79732
79778
79785
79788
79810
79828
79829
79830
79839
79864
79871
79897
79922
79969
79989
80000
80022
80051
80057
80083
80109
80110
80121
80131
80133
80140
80166
80169
80172
80226
80252
80264
80349
80355
80385
80396
80407
80417
80434
80450
80486
80493
80550
80580
80605
80652
80705
80713
80724
80786
80804
80850
80875
80891
80901
80921
80996
80999
81005
81069
81075
81084
81118
81140
81148
81159
81184
81190
81214
81220
81231
81269
81273
81274
81351
81370
81396
81466
81479
81501
81512
81515
81539
81620
81621
81661
81664
81794
81797
81802
81811
81819
81825
81828
81845
81850
81870
81879
81892
81906
81927
81936
81944
81985
82040
82063
82072
82111
82152
82174
82250
82300
82323
82332
82335
82396
82408
82442
82453
82498
82526
82548
82558
82560
82569
82605
82624
82786
82788
82841
82869
82896
82900
82904
82959
82986
82989
83000
83069
83096
83111
83114
83150
83195
83214
83234
83255
83265
83294
83321
83376
83380
83387
83402
83403
83411
83417
83419
83465
83480
83484
83498
83499
83503
83526
83537
83547
83589
83616
83638
83650
83666
83704
83706
83735
83754
83826
83854
83856
83872
83874
83900
83917
83932
83956
83965
83979
84050
84057
84065
84071
84077
84093
84097
84112
84121
84122
84131
84169
84176
84179
84189
84195
84199
84213
84272
84290
84296
84308
84327
84387
84396
84453
84466
84480
84508
84545
84564
84567
84575
84594
84602
84629
84691
84708
84719
84734
84736
84775
84795
84817
84844
84897
84907
84925
84939
84945
84958
84970
85013
85029
85032
85038
85052
85055
85082
85086
85087
85091
85118
85168
85176
85179
85181
85192
85195
85200
85203
85204
85215
85226
85275
85280
85285
85291
85313
85345
85406
85424
85449
85452
85459
85482
85485
85521
85529
85538
85542
85551
85559
85563
85575
85612
85687
85697
85705
85726
85733
85743
85746
85768
85795
85803
85853
85872
85883
85887
85927
85930
85978
85986
85992
86047
86049
86072
86094
86126
86149
86166
86171
86199
86206
86210
86269
86288
86294
86295
86298
86330
86334
86338
86351
86395
86400
86423
86425
86441
86445
86453
86458
86508
86513
86520
86540
86555
86565
86585
86596
86607
86612
86631
86634
86642
86653
86687
86708
86717
86734
86766
86796
86806
86808
86820
86834
86836
86864
86879
86931
86935
86960
86961
86975
86980
86983
87060
87076
87106
87117
87190
87208
87221
87229
87246
87247
87309
87341
87348
87378
87413
87416
87425
87445
87458
87506
87513
87539
87542
87544
87550
87556
87566
87596
87628
87630
87643
87656
87658
87677
87708
87765
87774
87783
87852
87866
87873
87883
87918
87925
87955
87961
87968
87979
88043
88069
88092
88110
88120
88135
88212
88214
88247
88262
88281
88306
88319
88330
88362
88376
88474
88483
88522
88523
88534
88544
88563
88603
88636
88661
88665
88687
88746
88832
88860
88869
88880
88881
88917
88926
88934
88952
88957
88967
88969
88976
88984
89016
89046
89078
89082
89131
89146
89160
89164
89188
89191
89230
89245
89253
89255
89279
89280
89292
89304
89323
89350
89424
89425
89448
89461
89506
89513
89526
89527
89540
89542
89543
89546
89558
89579
89609
89613
89650
89664
89674
89677
89706
89719
89722
89725
89739
89756
89776
89786
89810
89836
89839
89862
89864
89921
89983
90008
90015
90022
90035
90041
90043
90075
90083
90104
90112
90121
90165
90176
90207
90209
90226
90241
90264
90279
90284
90316
90336
90357
90361
90373
90412
90421
90448
90486
90585
90611
90626
90634
90683
90700
90709
90722
90758
90764
90785
90788
90791
90800
90813
90837
90881
90886
90911
90946
90972
90988
91001
91051
91100
91119
91141
91143
91163
91173
91188
91200
91240
91304
91315
91331
91359
91371
91426
91485
91490
91504
91515
91537
91577
91594
91597
91638
91648
91653
91658
91721
91727
91747
91847
91880
91886
91933
91939
91945
91954
91976
91986
92046
92051
92059
92077
92099
92105
92117
92119
92142
92181
92196
92222
92290
92297
92299
92303
92338
92405
92447
92451
92464
92477
92511
92522
92525
92542
92553
92578
92579
92605
92618
92626
92638
92650
92710
92758
92772
92783
92784
92828
92840
92856
92907
92918
92961
92995
92997
93006
93016
93099
93113
93115
93132
93134
93174
93176
93194
93222
93236
93261
93265
93267
93277
93283
93323
93391
93406
93422
93427
93462
93496
93536
93563
93577
93603
93608
93618
93629
93660
93664
93700
93709
93751
93763
93822
93909
93910
93922
93986
94107
94111
94132
94150
94175
94186
94194
94195
94198
94211
94248
94254
94269
94273
94277
94282
94325
94364
94370
94373
94386
94409
94455
94479
94512
94534
94552
94558
94614
94633
94648
94654
94672
94677
94736
94787
94797
94805
94823
94826
94832
94855
94864
94913
94940
95032
95078
95087
95089
95101
95103
95104
95113
95115
95122
95129
95175
95209
95240
95299
95300
95305
95306
95317
95319
95344
95363
95374
95393
95415
95421
95461
95467
95487
95557
95601
95607
95610
95618
95627
95640
95641
95642
95664
95732
95741
95752
95766
95779
95783
95784
95787
95803
95805
95814
95823
95854
95921
95927
95931
95952
96055
96092
96093
96100
96104
96137
96147
96221
96269
96296
96315
96331
96342
96347
96362
96412
96419
96423
96435
96596
96597
96629
96633
96654
96744
96751
96757
96759
96777
96873
96889
96891
96910
96926
96929
96952
97089
97121
97222
97256
97264
97271
97291
97317
97329
97339
97354
97355
97367
97368
97371
97375
97408
97521
97557
97586
97590
97600
97602
97610
97645
97659
97690
97736
97752
97784
97788
97808
97830
97894
97903
97910
97912
97923
97931
97933
97987
97994
98007
98080
98093
98125
98157
98161
98173
98189
98196
98298
98309
98317
98323
98326
98438
98492
98495
98541
98543
98616
98619
98661
98663
98680
98690
98700
98743
98800
98808
98852
98864
98884
98924
98966
99194
99220
99245
99266
99281
99288
99316
99349
99354
99372
99375
99376
99384
99391
99400
99425
99427
99495
99502
99535
99545
99564
99566
99572
99581
99593
99605
99626
99629
99635
99647
99649
99673
99678
99761
99836
99840
99868
99884
99897
99977
100026
100035
100038
100042
100049
100064
100114
100115
100123
100130
100150
100172
100228
100241
100261
100264
100276
100310
100320
100327
100328
100341
100342
100367
100376
100434
100500
100528
100605
100610
100615
100618
100625
100636
100641
100656
100671
100701
100714
100753
100764
100787
100793
100795
100815
100854
100887
100899
100902
100972
100997
100998
100999
101005
101029
101037
101056
101157
101164
101187
101190
101205
101219
101222
101237
101263
101265
101292
101309
101329
101339
101354
101375
101381
101437
101455
101486
101507
101546
101620
101624
101634
101726
101729
101733
101739
101751
101761
101795
101801
101819
101841
101867
101872
101873
101884
101927
101999
102043
102081
102086
102094
102096
102123
102133
102138
102195
102208
102220
102244
102268
102306
102323
102377
102404
102444
102449
102459
102474
102504
102506
102528
102534
102548
102574
102578
102587
102591
102596
102666
102684
102700
102709
102718
102740
102747
102764
102778
102817
102822
102846
102866
102926
102947
102958
102966
103001
103023
103068
103092
103104
103116
103204
103240
103276
103285
103305
103346
103348
103372
103436
103470
103472
103489
103522
103540
103570
103603
103622
103630
103689
103693
103699
103700
103707
103713
103735
103752
103775
103776
103778
103787
103791
103799
103801
103830
103832
103846
103856
103878
103890
103905
103968
104015
104097
104135
104156
104187
104204
104222
104230
104234
104267
104269
104278
104329
104351
104432
104438
104517
104522
104539
104552
104602
104607
104613
104651
104739
104743
104754
104790
104804
104822
104843
104854
104875
104879
104880
104892
104905
104915
104953
104957
104974
104982
104986
104987
105003
105030
105041
105097
105103
105146
105181
105190
105191
105233
105242
105269
105289
105293
105295
105321
105345
105422
105438
105443
105466
105538
105570
105587
105609
105628
105645
105681
105744
105751
105759
105791
105801
105823
105852
105876
105879
105891
105903
105920
105977
105996
106027
106042
106043
106075
106088
106133
106150
106180
106196
106214
106261
106279
106282
106283
106337
106353
106382
106437
106467
106470
106485
106502
106503
106505
106571
106589
106620
106626
106629
106634
106640
106693
106749
106759
106780
106803
106932
106967
107012
107072
107111
107140
107148
107159
107208
107233
107255
107311
107318
107332
107349
107351
107372
107374
107451
107454
107500
107506
107554
107566
107594
107604
107620
107636
107640
107672
107675
107696
107701
107735
107749
107768
107779
107810
107814
107852
107868
107914
107936
107977
107984
108024
108086
108094
108110
108150
108200
108207
108231
108276
108305
108308
108375
108377
108433
108449
108457
108510
108553
108580
108645
108669
108704
108716
108747
108751
108753
108764
108776
108821
108822
108843
108844
108853
108885
108909
108926
108933
109023
109034
109087
109096
109105
109131
109132
109150
109158
109175
109182
109198
109215
109235
109262
109274
109286
109287
109288
109290
109316
109318
109351
109362
109387
109391
109410
109421
109452
109537
109570
109609
109618
109634
109691
109699
109716
109736
109775
109787
109797
109844
109852
109901
109914
109916
109927
109956
109970
109987
110013
110058
110090
110106
110147
110159
110161
110169
110182
110204
110215
110220
110290
110326
110329
110349
110371
110377
110393
110449
110485
110492
110529
110535
110539
110554
110570
110573
110575
110606
110619
110635
110639
110653
110682
110700
110701
110717
110750
110754
110756
110788
110790
110794
110799
110818
110832
110856
110861
110864
110876
110886
110900
110935
110975
110983
110985
110988
111000
111038
111049
111073
111099
111108
111112
111121
111127
111135
111142
111155
111194
111239
111243
111273
111283
111292
111308
111315
111317
111324
111345
111347
111365
111392
111403
111415
111437
111456
111460
111463
111484
111489
111490
111533
111544
111550
111552
111664
111696
111700
111715
111741
111760
111773
111782
111824
111826
111862
111867
111901
111908
111929
111999
112048
112062
112066
112074
112117
112135
112137
112143
112192
112247
112262
112274
112289
112294
112308
112405
112407
112445
112456
112473
112485
112493
112506
112518
112519
112521
112524
112526
112647
112677
112679
112698
112727
112743
112815
112819
112832
112834
112844
112851
112871
112885
112931
112962
112982
113019
113025
113045
113077
113102
113105
113130
113169
113170
113187
113226
113279
113302
113316
113320
113333
113336
113384
113393
113407
113446
113491
113497
113508
113534
113546
113566
113574
113626
113718
113758
113798
113823
113849
113865
113875
113922
113947
113969
113982
114011
114031
114034
114043
114049
114085
114090
114096
114131
114140
114155
114157
114226
114231
114318
114322
114330
114347
114350
114381
114383
114405
114431
114474
114475
114544
114553
114565
114587
114593
114609
114695
114698
114709
114712
114718
114719
114743
114748
114753
114769
114781
114788
114813
114857
114859
114882
114977
114986
115021
115029
115037
115041
115052
115082
115094
115116
115128
115146
115168
115188
115190
115212
115219
115233
115247
115264
115275
115375
115413
115435
115496
115517
115558
115566
115608
115616
115636
115649
115650
115666
115737
115751
115762
115787
115824
115850
115856
115901
115915
115946
115974
115981
116013
116037
116054
116060
116080
116143
116147
116219
116285
116299
116328
116391
116399
116415
116432
116434
116445
116448
116483
116497
116503
116513
116525
116560
116569
116575
116588
116633
116658
116667
116680
116682
116704
116716
116723
116725
116730
116731
116750
116772
116792
116814
116842
116868
116904
116915
116931
116937
116946
116949
116950
116954
117006
117055
117133
117140
117211
117218
117267
117286
117319
117361
117419
117430
117464
117469
117483
117508
117538
117545
117581
117643
117672
117686
117716
117748
117752
117774
117775
117805
117824
117865
117894
117915
117937
117950
117962
117998
118008
118047
118061
118076
118109
118159
118177
118208
118215
118233
118237
118261
118270
118272
118283
118326
118340
118345
118348
118359
118362
118379
118382
118387
118398
118400
118410
118462
118477
118479
118499
118500
118512
118536
118558
118584
118588
118592
118651
118670
118672
118683
118684
118685
118689
118698
118710
118756
118758
118762
118772
118825
118833
118840
118842
118872
118879
118908
118911
118953
118975
118982
118985
119003
119031
119100
119132
119152
119162
119197
119198
119238
119275
119291
119301
119316
119355
119364
119377
119380
119395
119397
119465
119511
119521
119612
119640
119669
119740
119763
119764
119785
119794
119799
119804
119806
119808
119810
119825
119835
119839
119844
119862
119880
119883
119940
119952
119961
119962
119971
119994
120028
120042
120064
120069
120078
120095
120158
120194
120215
120274
120276
120289
120295
120304
120306
120317
120392
120405
120411
120421
120627
120655
120663
120694
120708
120719
120740
120763
120810
120812
120829
120840
120902
120940
120951
120955
120988
120989
121016
121037
121074
121100
121133
121147
121194
121201
121206
121220
121240
121250
121282
121288
121376
121394
121397
121420
121444
121455
121458
121476
121492
121500
121506
121524
121537
121554
121581
121615
121630
121641
121652
121662
121665
121685
121689
121696
121698
121705
121707
121736
121743
121769
121772
121777
121844
121850
121879
121894
121901
121912
121943
121967
121983
121986
121988
121995
122000
122020
122051
122060
122080
122096
122110
122170
122267
122278
122304
122326
122330
122353
122369
122370
122389
122391
122436
122463
122465
122469
122475
122495
122497
122506
122507
122511
122555
122558
122560
122563
122593
122609
122657
122663
122664
122667
122671
122744
122765
122883
122894
122900
122907
122918
122952
122963
122965
123000
123017
123023
123028
123037
123046
123047
123052
123063
123098
123127
123129
123138
123150
123213
123240
123241
123247
123256
123272
123302
123313
123316
123347
123385
123391
123428
123445
123453
123454
123475
123478
123536
123554
123568
123620
123659
123703
123746
123747
123758
123808
123842
123916
123945
124012
124014
124026
124036
124060
124083
124123
124142
124148
124178
124236
124267
124307
124322
124328
124366
124384
124391
124395
124404
124422
124441
124453
124467
124480
124501
124543
124565
124578
124619
124621
124623
124660
124691
124700
124764
124775
124777
124844
124846
124861
124872
124892
124913
124918
124931
125010
125012
125027
125034
125046
125084
125108
125117
125135
125138
125164
125174
125193
125194
125195
125242
125266
125275
125288
125290
125327
125336
125343
125347
125353
125376
125402
125413
125415
125451
125455
125475
125524
125555
125591
125598
125604
125642
125659
125742
125772
125820
125839
125849
125853
125861
125884
125891
125939
125944
125949
125951
125957
125970
125976
125995
125996
126037
126053
126061
126106
126108
126141
126142
126180
126184
126196
126212
126256
126270
126322
126323
126348
126384
126437
126443
126488
126532
126535
126595
126640
126646
126727
126730
126813
126814
126831
126865
126873
126907
126911
126914
126954
126955
126966
126973
126974
126985
127095
127114
127116
127148
127159
127168
127182
127194
127196
127264
127309
127342
127346
127356
127397
127406
127411
127425
127441
127484
127525
127610
127624
127627
127644
127686
127694
127697
127700
127737
127744
127787
127798
127806
127823
127838
127872
127915
127942
127958
127988
128004
128022
128070
128077
128087
128098
128120
128132
128147
128169
128196
128201
128250
128285
128289
128292
128302
128328
128340
128373
128400
128402
128417
128419
128429
128443
128461
128467
128476
128477
128524
128542
128546
128578
128685
128763
128769
128772
128814
128815
128818
128823
128860
128866
128885
128893
128910
128931
128972
129011
129027
129034
129044
129051
129077
129083
129110
129157
129174
129212
129248
129278
129380
129473
129500
129576
129588
129593
129677
129691
129712
129757
129792
129851
129873
129883
129900
129903
129928
129939
129948
129956
129964
129967
129986
130008
130068
130087
130136
130154
130163
130183
130213
130229
130236
130272
130279
130290
130299
130327
130382
130409
130435
130488
130519
130534
130546
130547
130574
130604
130650
130658
130659
130721
130762
130772
130785
130863
130865
130876
130918
130921
130934
130947
130996
131012
131028
131083
131101
131149
131219
131225
131265
131325
131327
131362
131367
131381
131436
131441
131447
131478
131499
131572
131582
131591
131602
131624
131659
131662
131704
131710
131715
131731
131745
131751
131768
131777
131868
131903
131934
131954
131961
131981
132058
132087
132105
132109
132131
132134
132168
132169
132186
132203
132234
132260
132305
132313
132317
132382
132398
132408
132413
132428
132449
132464
132499
132502
132514
132522
132533
132564
132587
132648
132655
132656
132659
132712
132714
132724
132729
132761
132765
132785
132827
132865
132899
132943
132968
132969
132975
132993
133017
133019
133040
133086
133126
133127
133130
133140
133158
133219
133223
133309
133321
133327
133345
133395
133403
133457
133472
133490
133491
133499
133541
133580
133626
133637
133660
133662
133709
133714
133771
133799
133828
133865
133884
133896
133927
133993
134015
134029
134050
134051
134097
134109
134121
134144
134221
134236
134240
134256
134285
134301
134313
134367
134385
134403
134415
134458
134460
134474
134512
134545
134548
134576
134579
134626
134712
134716
134731
134749
134778
134820
134822
134858
134867
134917
134920
134923
135060
135073
135086
135109
135117
135127
135159
135169
135208
135216
135224
135241
135242
135246
135276
135283
135314
135320
135330
135348
135349
135352
135357
135361
135369
135388
135414
135418
135467
135473
135475
135478
135597
135604
135618
135632
135642
135681
135737
135803
135824
135844
135983
135986
136005
136008
136044
136078
136082
136106
136126
136186
136229
136298
136337
136346
136374
136454
136480
136526
136530
136538
136605
136613
136644
136647
136713
136729
136741
136763
136772
136789
136801
136819
136862
136882
136934
136938
136968
137029
137050
137080
137105
137108
137113
137124
137148
137159
137177
137186
137231
137274
137281
137283
137321
137336
137374
137390
137391
137395
137445
137454
137530
137549
137557
137559
137568
137632
137651
137700
137709
137757
137819
137840
137845
137851
137876
137951
137954
137960
137962
137970
137980
138004
138017
138025
138042
138063
138085
138100
138115
138129
138143
138165
138211
138254
138262
138267
138271
138275
138315
138338
138342
138391
138407
138433
138436
138460
138513
138525
138555
138565
138570
138574
138589
138624
138630
138643
138666
138691
138705
138706
138730
138766
138781
138793
138819
138820
138875
138889
138907
138915
138921
138928
138932
138940
138992
139065
139077
139079
139099
139110
139166
139180
139183
139184
139191
139222
139252
139264
139319
139335
139350
139353
139391
139401
139410
139420
139494
139503
139521
139546
139575
139594
139619
139624
139628
139642
139651
139656
139667
139669
139674
139690
139705
139711
139735
139803
139805
139827
139828
139839
139850
139852
139866
139872
139882
139901
139906
139912
139960
140003
140013
140024
140050
140056
140066
140069
140073
140074
140076
140088
140116
140168
140170
140175
140199
140218
140235
140256
140258
140260
140262
140342
140387
140424
140425
140434
140498
140513
140518
140550
140563
140582
140584
140605
140641
140647
140650
140665
140667
140703
140705
140732
140736
140742
140757
140767
140799
140800
140811
140841
140879
140882
140921
140935
140936
140988
141032
141051
141052
141068
141076
141097
141178
141202
141264
141371
141445
141465
141468
141485
141518
141561
141617
141618
141627
141643
141688
141695
141697
141741
141749
141773
141796
141830
141847
141857
141876
141967
141980
141981
142014
142015
142030
142041
142090
142123
142155
142169
142212
142297
142355
142403
142416
142426
142433
142435
142440
142542
142553
142559
142600
142614
142645
142650
142677
142681
142692
142729
142739
142743
142753
142805
142850
142874
142908
142909
142922
142942
142943
142968
142989
143012
143040
143041
143133
143176
143196
143200
143211
143257
143267
143290
143291
143295
143306
143320
143340
143389
143463
143485
143486
143515
143525
143597
143607
143643
143649
143664
143688
143694
143747
143765
143837
143843
143846
143865
143866
143924
143929
144017
144020
144033
144065
144073
144132
144155
144157
144177
144236
144289
144352
144381
144390
144412
144415
144429
144443
144457
144459
144470
144492
144498
144560
144562
144583
144603
144638
144642
144670
144673
144690
144707
144713
144723
144738
144741
144762
144763
144779
144810
144824
144833
144902
144923
144941
144965
145017
145019
145037
145042
145059
145064
145080
145169
145172
145173
145203
145234
145247
145251
145307
145309
145312
145334
145394
145401
145464
145466
145469
145481
145506
145608
145613
145616
145622
145632
145651
145693
145719
145739
145800
145845
145863
145925
145931
145971
146035
146046
146073
146099
146114
146182
146202
146209
146235
146236
146253
146277
146286
146299
146307
146333
146334
146335
146336
146341
146350
146363
146370
146389
146426
146464
146482
146498
146501
146515
146523
146534
146561
146605
146616
146618
146636
146646
146664
146682
146688
146702
146744
146752
146763
146764
146796
146799
146841
146894
146906
146943
146946
146977
146992
147008
147069
147072
147073
147099
147101
147106
147130
147204
147295
147296
147306
147312
147339
147489
147493
147497
147557
147578
147615
147621
147628
147651
147656
147659
147664
147677
147744
147777
147781
147794
147838
147933
147955
147965
148016
148019
148027
148032
148044
148045
148052
148078
148092
148140
148142
148155
148172
148197
148210
148216
148220
148227
148265
148292
148294
148303
148315
148324
148359
148433
148475
148517
148585
148676
148680
148685
148687
148701
148715
148717
148766
148775
148822
148888
148933
148965
148984
149011
149037
149039
149055
149060
149063
149073
149075
149080
149112
149138
149141
149150
149193
149206
149207
149230
149233
149254
149266
149274
149276
149300
149348
149356
149359
149396
149418
149475
149499
149514
149561
149577
149586
149609
149624
149672
149700
149733
149739
149767
149796
149816
149825
149848
149859
149865
149924
149945
149994
150027
150034
150041
150061
150180
150206
150213
150220
150221
150227
150252
150269
150271
150318
150345
150439
150457
150459
150463
150472
150513
150532
150558
150560
150569
150582
150588
150590
150602
150614
150648
150651
150704
150723
150737
150763
150771
150792
150817
150825
150846
150964
150967
151011
151014
151042
151063
151083
151157
151230
151258
151285
151298
151344
151356
151377
151385
151390
151394
151399
151426
151430
151433
151444
151483
151512
151539
151545
151576
151621
151633
151644
151701
151704
151712
151728
151733
151747
151760
151828
151831
151848
151865
151903
151910
151924
151949
151988
151993
152011
152014
152015
152021
152038
152041
152067
152072
152087
152098
152100
152111
152170
152188
152191
152214
152236
152239
152249
152253
152267
152273
152293
152333
152366
152380
152386
152390
152425
152451
152465
152484
152497
152508
152518
152534
152542
152564
152571
152592
152608
152620
152648
152682
152704
152707
152711
152720
152733
152745
152749
152777
152783
152800
152806
152814
152861
152890
152908
152914
152953
152958
152975
152977
152979
152994
153013
153020
153047
153052
153075
153096
153112
153114
153119
153122
153123
153163
153164
153191
153195
153245
153255
153259
153339
153346
153355
153356
153362
153363
153441
153495
153553
153563
153564
153620
153637
153641
153686
153694
153715
153717
153747
153762
153783
153814
153834
153841
153900
153901
153911
153934
153944
153960
154000
154013
154019
154032
154041
154048
154092
154109
154116
154122
154177
154197
154217
154219
154231
154289
154303
154338
154340
154355
154382
154393
154456
154485
154503
154511
154568
154604
154631
154699
154700
154717
154737
154778
154789
154816
154828
154869
154873
154883
154887
154890
154897
154994
155024
155031
155053
155091
155135
155152
155189
155197
155201
155212
155229
155234
155270
155271
155288
155309
155320
155326
155337
155341
155353
155364
155399
155411
155412
155468
155494
155514
155541
155564
155589
155599
155620
155632
155651
155669
155679
155688
155689
155696
155699
155708
155718
155755
155778
155781
155880
155939
155970
155982
156015
156029
156034
156047
156052
156053
156055
156066
156069
156085
156091
156119
156131
156174
156176
156192
156203
156235
156239
156241
156269
156287
156294
156312
156339
156369
156397
156428
156454
156479
156482
156486
156510
156573
156576
156644
156662
156694
156720
156754
156776
156827
156831
156875
156907
156931
156936
156937
156952
156985
157039
157059
157061
157157
157170
157174
157180
157193
157203
157217
157226
157244
157328
157336
157360
157418
157443
157476
157479
157487
157496
157502
157543
157549
157560
157568
157596
157642
157644
157668
157684
157703
157802
157832
157851
157916
157942
157947
157993
157994
158015
158063
158076
158123
158130
158172
158208
158226
158236
158242
158297
158306
158312
158321
158330
158332
158365
158366
158376
158384
158416
158474
158479
158503
158525
158546
158570
158578
158596
158612
158624
158635
158655
158659
158661
158747
158759
158766
158798
158861
158866
158873
158897
158903
158905
158917
158951
158960
158990
159021
159028
159050
159062
159108
159111
159125
159156
159182
159184
159185
159188
159190
159205
159221
159235
159244
159246
159263
159269
159288
159293
159304
159311
159314
159323
159393
159403
159435
159439
159444
159446
159447
159488
159498
159531
159589
159594
159599
159639
159652
159665
159669
159704
159718
159766
159778
159783
159802
159823
159853
159863
159965
159968
159988
159997
160006
160031
160033
160057
160068
160080
160090
160151
160192
160202
160209
160215
160240
160256
160264
160298
160324
160327
160359
160391
160407
160432
160434
160440
160479
160515
160524
160527
160529
160537
160541
160583
160586
160674
160692
160727
160739
160748
160758
160790
160817
160828
160837
160845
160855
160865
160869
160881
160903
160982
160992
161008
161009
161036
161048
161063
161064
161076
161098
161102
161106
161161
161215
161222
161230
161312
161313
161337
161352
161362
161384
161422
161444
161456
161460
161497
161506
161516
161519
161544
161586
161643
161660
161672
161710
161715
161723
161744
161748
161758
161759
161768
161802
161814
161855
161874
161898
161908
161914
161915
161923
161942
161945
161946
161968
161971
161974
161978
161980
162122
162146
162164
162183
162192
162244
162245
162247
162267
162270
162279
162299
162310
162346
162366
162384
162408
162418
162441
162473
162495
162500
162514
162606
162619
162659
162681
162698
162704
162739
162748
162759
162767
162812
162814
162855
162859
162877
162900
162917
162923
162950
162971
163019
163024
163029
163030
163067
163093
163111
163149
163186
163212
163216
163219
163226
163237
163305
163325
163331
163342
163357
163373
163376
163392
163440
163443
163465
163469
163494
163510
163523
163543
163628
163632
163692
163719
163721
163729
163737
163743
163745
163750
163765
163795
163804
163895
163897
163907
163928
163933
164011
164034
164102
164103
164105
164148
164151
164167
164204
164224
164236
164295
164304
164309
164339
164386
164394
164395
164397
164399
164432
164490
164518
164535
164543
164550
164568
164571
164615
164667
164670
164677
164678
164679
164720
164723
164739
164765
164782
164784
164797
164799
164803
164816
164843
164853
164921
164925
164933
164935
164967
165125
165138
165168
165169
165245
165255
165299
165307
165320
165355
165363
165376
165378
165437
165439
165477
165484
165513
165519
165535
165566
165597
165600
165603
165618
165621
165630
165676
165681
165705
165736
165791
165815
165848
165851
165893
165904
165914
165916
165917
165918
165924
165943
165944
165947
165954
165986
165993
165998
166002
166014
166020
166028
166057
166058
166082
166097
166143
166162
166164
166185
166212
166213
166272
166274
166327
166335
166337
166381
166383
166427
166429
166468
166478
166479
166486
166489
166526
166527
166570
166606
166608
166630
166642
166646
166650
166651
166662
166754
166768
166781
166799
166826
166830
166836
166992
167001
167042
167064
167074
167082
167104
167110
167116
167135
167140
167153
167155
167183
167192
167207
167208
167243
167253
167261
167284
167299
167394
167426
167469
167489
167515
167539
167553
167583
167612
167613
167674
167688
167699
167703
167709
167720
167748
167780
167801
167851
167872
167879
167943
167958
167959
168004
168012
168036
168038
168047
168056
168086
168106
168143
168159
168162
168182
168184
168191
168194
168215
168221
168278
168283
168286
168290
168312
168322
168323
168346
168354
168360
168399
168416
168433
168448
168477
168487
168504
168519
168547
168573
168579
168587
168615
168649
168743
168778
168779
168805
168821
168844
168935
168947
168969
168999
169018
169029
169031
169037
169062
169071
169096
169098
169105
169112
169113
169123
169133
169149
169162
169165
169169
169192
169197
169198
169210
169225
169229
169231
169242
169353
169358
169389
169408
169432
169444
169459
169464
169469
169492
169501
169512
169513
169520
169530
169553
169602
169603
169636
169651
169670
169692
169694
169728
169769
169798
169811
169824
169845
169852
169867
169875
169876
169914
169921
169943
169946
170001
170056
170090
170125
170127
170146
170170
170217
170261
170278
170299
170337
170351
170378
170414
170430
170588
170598
170599
170604
170627
170635
170662
170665
170697
170753
170756
170760
170785
170846
170852
170877
170896
170901
170927
170956
170959
170987
171001
171009
171012
171023
171025
171032
171042
171045
171064
171091
171144
171189
171200
171218
171224
171232
171235
171237
171251
171280
171295
171334
171339
171342
171420
171437
171489
171501
171506
171559
171611
171622
171665
171673
171676
171685
171689
171731
171758
171764
171776
171810
171811
171814
171819
171850
171866
171885
171894
171903
171924
171925
171978
171990
172004
172019
172020
172054
172100
172101
172104
172131
172147
172159
172162
172189
172234
172251
172259
172278
172303
172305
172315
172342
172360
172377
172390
172401
172410
172445
172448
172495
172512
172546
172572
172633
172639
172673
172695
172750
172761
172772
172780
172783
172809
172831
172838
172860
172864
172867
172898
172937
172939
172944
172992
173005
173023
173053
173075
173085
173096
173100
173115
173157
173176
173194
173218
173234
173249
173270
173275
173276
173279
173282
173305
173307
173329
173354
173366
173389
173392
173420
173465
173494
173500
173518
173529
173630
173633
173636
173651
173652
173667
173685
173703
173736
173774
173879
173903
173907
173943
173954
173956
173963
173968
173971
173978
173993
174018
174040
174070
174087
174088
174134
174191
174196
174217
174224
174232
174260
174324
174356
174390
174396
174433
174460
174512
174523
174526
174527
174540
174608
174611
174640
174669
174695
174724
174726
174756
174783
174788
174812
174833
174839
174857
174871
174998
175030
175063
175069
175072
175089
175100
175102
175105
175119
175141
175169
175186
175193
175196
175232
175233
175259
175268
175299
175318
175320
175355
175379
175387
175390
175417
175444
175466
175471
175486
175513
175517
175531
175559
175566
175578
175580
