36
-1
-1
-1
-1
-1
-1
-1
-1
-1
-1
-1
-1
40
-1
-1
257
-1
-1
-1
-1
-1
250
-1
-1
-1
-1
41
-1
46
46
46
40
40
40
38
-1
-1
251
253
250
248
249
252
252
252
-1
242
-1
-1
-1
63
63
64
65
66
67
67
68
68
-1
69
69
-1
-1
71
72
70
75
75
76
-1
77
77
77
78
78
79
80
81
81
84
83
84
86
86
87
87
88
90
92
91
92
94
94
95
96
96
97
97
98
99
100
100
101
102
102
104
103
103
107
108
108
109
109
110
111
111
112
113
116
114
117
116
118
119
119
122
-1
130
132
-1
-1
-1
152
153
153
154
154
154
155
155
159
156
156
161
159
157
163
163
167
168
168
-1
169
-1
156
157
159
-1
176
177
177
178
179
179
181
182
183
183
184
185
186
186
-1
190
-1
188
188
192
192
-1
-1
-1
-1
-1
195
194
194
197
200
197
-1
-1
187
185
-1
198
199
187
-1
198
199
187
187
185
185
185
187
185
-1
-1
208
205
203
206
205
203
204
201
-1
-1
204
203
204
204
201
201
201
201
199
196
-1
-1
-1
98
98
99
99
-1
-1
-1
-1
-1
-1
-1
-1
-1
-1
-1
-1
-1
196
194
194
194
194
194
194
192
201
201
201
201
202
202
202
206
207
207
209
208
-1
209
211
211
212
212
211
213
212
-1
213
213
214
215
215
-1
216
216
217
217
218
219
219
219
219
220
221
221
221
222
222
223
-1
228
-1
225
226
227
227
229
228
229
229
230
230
231
232
232
232
233
233
234
234
235
235
235
236
236
237
237
238
238
238
239
239
244
242
-1
251
-1
251
250
-1
244
242
242
242
242
250
-1
242
-1
-1
-1
363
361
-1
-1
-1
-1
242
-1
242
-1
-1
-1
239
237
-1
-1
-1
-1
-1
-1
-1
115
115
-1
109
-1
243
243
243
-1
244
245
248
248
248
249
249
-1
-1
-1
-1
-1
250
-1
-1
-1
-1
-1
-1
92
92
-1
97
-1
-1
-1
-1
-1
-1
80
-1
-1
-1
-1
-1
-1
-1
-1
-1
-1
-1
-1
-1
239
-1
172
-1
-1
71
243
240
248
248
-1
-1
250
250
250
250
251
251
252
252
252
253
253
253
254
-1
-1
-1
243
241
238
243
-1
156
-1
-1
249
-1
-1
-1
249
250
-1
253
-1
259
260
-1
270
271
271
275
275
276
277
277
280
278
281
282
285
283
283
289
287
-1
-1
-1
-1
-1
-1
-1
-1
-1
-1
296
297
297
-1
298
299
299
300
301
301
301
302
303
304
304
305
307
309
-1
310
312
311
314
314
315
316
318
317
319
320
320
321
322
323
323
324
326
325
327
327
328
328
329
330
330
330
331
331
332
333
333
334
334
335
338
-1
336
336
-1
-1
-1
-1
503
-1
-1
-1
504
-1
-1
-1
347
348
348
349
-1
353
354
354
354
354
355
355
358
356
357
360
360
360
360
361
362
362
363
363
364
364
365
365
366
366
368
367
368
370
369
370
371
371
372
373
373
374
374
375
375
-1
376
376
-1
-1
-1
377
-1
-1
-1
387
384
-1
377
377
-1
-1
-1
-1
-1
516
516
517
-1
517
-1
517
-1
-1
510
508
-1
-1
518
518
518
518
-1
511
-1
510
508
-1
510
510
510
510
-1
519
519
-1
-1
495
494
-1
-1
-1
-1
496
-1
-1
501
-1
-1
391
-1
377
376
377
376
377
-1
378
-1
383
385
383
-1
-1
-1
-1
-1
-1
-1
-1
509
511
516
517
511
509
506
509
507
-1
-1
499
497
-1
347
351
350
346
-1
-1
-1
-1
-1
-1
-1
-1
-1
401
398
398
398
-1
397
396
398
397
-1
-1
-1
388
-1
397
397
-1
-1
-1
416
415
413
411
-1
-1
238
-1
-1
-1
-1
-1
-1
-1
-1
-1
-1
-1
-1
-1
308
308
308
311
309
306
306
306
-1
-1
-1
307
307
307
307
307
312
312
314
312
-1
320
321
321
-1
-1
324
325
325
326
-1
389
389
389
387
-1
-1
-1
-1
-1
307
-1
308
306
308
307
-1
307
307
307
299
-1
-1
384
385
390
390
389
390
390
391
377
377
376
376
377
377
378
379
382
380
381
383
384
385
386
387
387
388
389
390
391
392
393
394
395
396
