0 77
1 80
2 80
3 80
4 80
5 80
6 80
7 80
8 80
9 80
10 80
11 80
12 80
13 80
14 80
15 80
16 80
17 80
18 80
19 81
20 81
21 81
22 81
23 81
24 81
25 81
26 81
27 81
28 81
29 81
30 81
31 81
32 81
33 81
34 81
35 81
36 81
37 81
38 81
39 81
40 81
41 81
42 81
43 81
44 81
45 81
46 81
47 81
48 81
49 81
50 81
51 81
52 81
53 84
54 85
55 88
56 91
57 94
58 97
59 100
60 100
61 100
62 100
63 100
64 100
65 100
66 102
67 105
68 105
69 105
70 108
71 109
72 112
73 113
74 115
75 115
76 115
77 115
78 117
79 119
80 121
81 121
82 121
83 121
84 121
85 121
86 121
87 121
88 121
89 121
90 121
91 121
92 124
93 126
94 129
95 132
96 135
